[
(959, 770), (960, 770),
 (961, 770), (962, 770), (963, 770),
 (958, 771), (959, 771), (960, 771), (961, 771), 
(962, 771), (963, 771), (964, 771), (958, 772), (959, 772), 
(960, 772), (961, 772), (962, 772), (963, 772), (964, 772), (958, 773), (959, 773), (960, 773), 
(961, 773), (962, 773), (963, 773), (964, 773), (959, 774), (960, 774), (961, 774), (962, 774), (963, 774), 

(959, 1381), (960, 1381), (961, 1381), (962, 1381), (963, 1381), (958, 1382), (959, 1382), (960, 1382), (961, 1382),
 (962, 1382), (963, 1382), (964, 1382), (958, 1383), (959, 1383), (960, 1383), (961, 1383), (962, 1383), (963, 1383), (964, 1383),
 (958, 1384), (959, 1384), (960, 1384), (961, 1384), (962, 1384), (963, 1384), (964, 1384), (960, 1385), (961, 1385), (962, 1385), (963, 1385)]




[(960, 583), (961, 583), (962, 583), 
(958, 584), (959, 584), (960, 584), (961, 584), (962, 584), 
(963, 584), (958, 585), (959, 585), (960, 585), (961, 585), (962, 585), (963, 585),
 (964, 585), (958, 586), (959, 586), (960, 586), (961, 586), (962, 586), (963, 586), (964, 586),
 (959, 587), (960, 587), (961, 587), (962, 587), (963, 587), (961, 588),

 (959, 1194), (960, 1194), (961, 1194), (962, 1194), (958, 1195), (959, 1195), (960, 1195), 
(961, 1195), (962, 1195), (963, 1195), (964, 1195), (958, 1196), (959, 1196), (960, 1196), (961, 1196), (962, 1196), (963, 1196), 
(964, 1196), (958, 1197), (959, 1197), (960, 1197), (961, 1197), (962, 1197), (963, 1197), (964, 1197), (959, 1198), (960, 1198), (961, 1198), (962, 1198), (963, 1198)]



最上面
(200, 614)




[(199, 799), (200, 799), (201, 799), 
(198, 800), (199, 800), (200, 800), (201, 800), (202, 800),
 (198, 801), (199, 801), (200, 801), (201, 801), (202, 801), (198, 802), (199, 802), (200, 802), (201, 802),

 (199, 1410), (200, 1410), (201, 1410),
 (198, 1411), (199, 1411), (200, 1411), (201, 1411), (202, 1411), (198, 1412),
 (199, 1412), (200, 1412), (201, 1412), (202, 1412), (199, 1413), (200, 1413), (201, 1413)]



[(200, 612), (198, 613), (199, 613), (200, 613), 
(201, 613), (202, 613), (198, 614), (199, 614), (200, 614), (201, 614),
 (202, 614), (198, 615), (199, 615), (200, 615), (201, 615), (199, 616), (200, 616),

 (199, 1223), (200, 1223), (201, 1223), (198, 1224), (199, 1224), (200, 1224), (201, 1224),
 (202, 1224), (198, 1225), (199, 1225), (200, 1225), (201, 1225), (202, 1225), (198, 1226), (199, 1226), 
(200, 1226), (201, 1226), (202, 1226), (200, 1227)]




templates/group2.png
(210, 184)
templates/group3.png
(321, 185)
templates/group4.png
(430, 183)
templates/group5.png
(539, 185)
templates/group6.png
(648, 184)
templates/group7.png
(759, 184)